1 43477U 18047B   23060.78737162  .00005031  00000+0  19811-3 0  9998
2 43477  88.9948   3.6867 0017474  88.8620 271.4630 15.25279038265624
1 43477U 18047B   23060.85297908  .00004998  00000+0  19679-3 0  9998
2 43477  88.9948   3.6779 0017468  88.6820 271.6429 15.25279787265639
1 43477U 18047B   23061.83708857  .00005212  00000+0  20519-3 0  9992
2 43477  88.9949   3.5452 0017452  85.5960 274.7282 15.25290835265785
1 43477U 18047B   23062.55876402  .00005914  00000+0  23292-3 0  9994
2 43477  88.9951   3.4479 0017440  83.4172 276.9061 15.25300502265899
1 43477U 18047B   23062.88679687  .00006246  00000+0  24602-3 0  9991
2 43477  88.9952   3.4037 0017432  82.4091 277.9137 15.25305207265948
1 43477U 18047B   23063.14922278  .00005980  00000+0  23547-3 0  9999
2 43477  88.9952   3.3684 0017428  81.4985 278.8237 15.25307610265986
1 43477U 18047B   23063.54285980  .00006731  00000+0  26513-3 0  9996
2 43477  88.9954   3.3153 0017434  80.2914 280.0302 15.25314117266041
1 43477U 18047B   23063.87088989  .00006103  00000+0  24029-3 0  9995
2 43477  88.9954   3.2711 0017409  79.2504 281.0703 15.25317439266096
1 43477U 18047B   23064.46134173  .00006323  00000+0  24895-3 0  9993
2 43477  88.9956   3.1915 0017380  77.3924 282.9267 15.25325232266181
1 43477U 18047B   23064.59255286  .00006648  00000+0  26177-3 0  9991
2 43477  88.9957   3.1739 0017370  77.0169 283.3018 15.25327418266203
1 43477U 18047B   23064.92057981  .00007000  00000+0  27566-3 0  9996
2 43477  88.9958   3.1297 0017347  75.9846 284.3329 15.25332543266252
1 43477U 18047B   23065.77344563  .00007000  00000+0  27557-3 0  9995
2 43477  88.9961   3.0149 0017291  73.3267 286.9878 15.25343691266385
1 43477U 18047B   23065.90465484  .00007768  00000+0  30588-3 0  9995
2 43477  88.9961   2.9973 0017280  72.9372 287.3768 15.25346925266407
1 43477U 18047B   23066.82311609  .00008474  00000+0  33362-3 0  9994
2 43477  88.9963   2.8737 0017225  70.1182 290.1920 15.25361794266542
1 43477U 18047B   23066.88872017  .00007836  00000+0  30843-3 0  9997
2 43477  88.9964   2.8649 0017218  69.9101 290.3998 15.25361705266554
1 43477U 18047B   23067.87277548  .00009633  00000+0  37917-3 0  9991
2 43477  88.9965   2.7326 0017134  66.8873 293.4179 15.25379520266701
1 43477U 18047B   23068.13518856  .00010020  00000+0  39442-3 0  9998
2 43477  88.9966   2.6973 0017119  65.9802 294.3236 15.25383998266746
1 43477U 18047B   23068.85682108  .00007659  00000+0  30122-3 0  9999
2 43477  88.9965   2.6004 0017053  63.6033 296.6963 15.25391536266859
1 43477U 18047B   23069.44724399  .00007585  00000+0  29823-3 0  9998
2 43477  88.9964   2.5209 0016991  61.6890 298.6070 15.25399988266943
1 43477U 18047B   23069.90645959  .00007019  00000+0  27586-3 0  9999
2 43477  88.9962   2.4592 0016937  60.2490 300.0441 15.25405931267011
1 43477U 18047B   23070.56247849  .00007050  00000+0  27699-3 0  9999
2 43477  88.9961   2.3709 0016854  58.2403 302.0485 15.25415040267111
1 43477U 18047B   23070.82488493  .00007010  00000+0  27540-3 0  9991
2 43477  88.9960   2.3356 0016821  57.4258 302.8612 15.25418905267158
1 43477U 18047B   23070.89048636  .00006804  00000+0  26729-3 0  9997
2 43477  88.9960   2.3267 0016810  57.2273 303.0592 15.25419507267162
1 43477U 18047B   23071.54649930  .00006854  00000+0  26919-3 0  9990
2 43477  88.9960   2.2384 0016732  55.0807 305.2010 15.25428626267265
1 43477U 18047B   23071.87450435  .00006646  00000+0  26095-3 0  9990
2 43477  88.9959   2.1942 0016693  54.0094 306.2699 15.25432711267315
1 43477U 18047B   23072.13690772  .00006118  00000+0  24014-3 0  9993
2 43477  88.9959   2.1589 0016662  53.1709 307.1064 15.25435306267354
1 43477U 18047B   23072.59611225  .00005917  00000+0  23215-3 0  9997
2 43477  88.9958   2.0970 0016599  51.7039 308.5699 15.25440884267429
1 43477U 18047B   23072.92411435  .00005682  00000+0  22289-3 0  9994
2 43477  88.9956   2.0528 0016535  50.7167 309.5544 15.25444818267473
1 43477U 18047B   23073.18651575  .00005639  00000+0  22117-3 0  9996
2 43477  88.9956   2.0174 0016521  49.7870 310.4821 15.25447860267518
1 43477U 18047B   23073.58011646  .00005812  00000+0  22796-3 0  9995
2 43477  88.9956   1.9643 0016460  48.5010 311.7648 15.25453049267575
1 43477U 18047B   23073.84251620  .00005960  00000+0  23378-3 0  9993
2 43477  88.9955   1.9291 0016419  47.6178 312.6457 15.25456591267610
1 43477U 18047B   23074.49851337  .00006309  00000+0  24749-3 0  9997
2 43477  88.9956   1.8405 0016325  45.4290 314.8288 15.25464957267716
1 43477U 18047B   23074.56411290  .00006264  00000+0  24570-3 0  9997
2 43477  88.9956   1.8316 0016309  45.2472 315.0100 15.25465667267725
1 43477U 18047B   23074.89211006  .00006191  00000+0  24280-3 0  9993
2 43477  88.9955   1.7874 0016264  44.1330 316.1213 15.25469332267778
1 43477U 18047B   23075.48250254  .00005829  00000+0  22849-3 0  9993
2 43477  88.9956   1.7078 0016162  42.2257 318.0232 15.25476153267860
1 43477U 18047B   23075.81049740  .00005703  00000+0  22353-3 0  9997
2 43477  88.9957   1.6636 0016114  41.1287 319.1173 15.25479665267911
1 43477U 18047B   23075.87609622  .00005751  00000+0  22540-3 0  9995
2 43477  88.9957   1.6548 0016103  40.9174 319.3279 15.25480517267921
1 43477U 18047B   23076.53208310  .00005131  00000+0  20098-3 0  9996
2 43477  88.9959   1.5665 0015990  38.7356 321.5036 15.25486900268022
1 43477U 18047B   23076.86007527  .00005143  00000+0  20140-3 0  9990
2 43477  88.9959   1.5223 0015952  37.5563 322.6796 15.25490537268078
1 43477U 18047B   23076.92567366  .00005104  00000+0  19989-3 0  9995
2 43477  88.9960   1.5135 0015941  37.3349 322.9004 15.25491133268089
1 43477U 18047B   23077.90964623  .00004547  00000+0  17792-3 0  9991
2 43477  88.9962   1.3809 0015755  34.0253 326.2002 15.25500057268236
1 43477U 18047B   23078.17203806  .00004387  00000+0  17159-3 0  9999
2 43477  88.9963   1.3455 0015710  33.1183 327.1045 15.25502249268273
1 43477U 18047B   23078.56562472  .00004520  00000+0  17681-3 0  9998
2 43477  88.9963   1.2926 0015636  31.8099 328.4090 15.25506362268334
1 43477U 18047B   23078.89361296  .00004436  00000+0  17350-3 0  9994
2 43477  88.9965   1.2484 0015573  30.6699 329.5456 15.25509352268383
1 43477U 18047B   23079.48399019  .00004386  00000+0  17151-3 0  9997
2 43477  88.9966   1.1689 0015464  28.6690 331.5405 15.25514623268471
1 43477U 18047B   23079.54958756  .00004388  00000+0  17160-3 0  9995
2 43477  88.9967   1.1601 0015446  28.4549 331.7539 15.25515205268485
1 43477U 18047B   23079.74637927  .00004724  00000+0  18483-3 0  9994
2 43477  88.9967   1.1337 0015411  27.7480 332.4587 15.25517846268517
1 43477U 18047B   23080.46794735  .00004742  00000+0  18550-3 0  9991
2 43477  88.9967   1.0366 0015279  25.2670 334.9322 15.25524412268627
1 43477U 18047B   23080.86152843  .00005051  00000+0  19763-3 0  9994
2 43477  88.9968   0.9837 0015190  23.8974 336.2976 15.25528729268683
1 43477U 18047B   23082.17345746  .00005189  00000+0  20302-3 0  9999
2 43477  88.9966   0.8073 0014921  19.2902 340.8908 15.25542601268886
1 43477U 18047B   23082.56703372  .00005522  00000+0  21607-3 0  9995
2 43477  88.9965   0.7544 0014829  17.9000 342.2767 15.25547415268942
1 43477U 18047B   23082.89501243  .00006416  00000+0  25120-3 0  9991
2 43477  88.9964   0.7102 0014767  16.7056 343.4675 15.25553526268996
1 43477U 18047B   23083.15739377  .00013504  00000+0  52938-3 0  9995
2 43477  88.9963   0.6749 0014729  15.7215 344.4487 15.25571038269031
1 43477U 18047B   23083.48537141  .00007800  00000+0  30552-3 0  9996
2 43477  88.9963   0.6308 0014667  14.6085 345.5584 15.25563959269084
1 43477U 18047B   23083.55096668  .00007743  00000+0  30331-3 0  9999
2 43477  88.9963   0.6220 0014651  14.3639 345.8022 15.25564787269093
1 43477U 18047B   23083.87894272  .00006184  00000+0  24201-3 0  9998
2 43477  88.9962   0.5778 0014589  13.1579 347.0047 15.25566977269149
1 43477U 18047B   23084.79727020  .00006149  00000+0  24058-3 0  9997
2 43477  88.9959   0.4541 0014384   9.7560 350.3965 15.25579039269280
1 43477U 18047B   23084.92845947  .00005826  00000+0  22787-3 0  9999
2 43477  88.9958   0.4364 0014357   9.2810 350.8701 15.25579871269305
1 43477U 18047B   23085.84678104  .00005419  00000+0  21182-3 0  9996
2 43477  88.9956   0.3127 0014152   5.8756 354.2656 15.25588880269445
1 43477U 18047B   23085.91237521  .00005359  00000+0  20949-3 0  9991
2 43477  88.9956   0.3038 0014137   5.6473 354.4931 15.25589544269450
1 43477U 18047B   23086.56831546  .00004907  00000+0  19170-3 0  9992
2 43477  88.9955   0.2155 0014008   3.1512 356.9822 15.25595223269550
1 43477U 18047B   23086.89628451  .00005124  00000+0  20021-3 0  9996
2 43477  88.9955   0.1712 0013937   1.8964 358.2335 15.25598922269603
1 43477U 18047B   23087.15865921  .00004999  00000+0  19530-3 0  9993
2 43477  88.9955   0.1358 0013877   0.8852 359.2419 15.25601311269642
1 43477U 18047B   23087.55222052  .00005022  00000+0  19616-3 0  9992
2 43477  88.9954   0.0827 0013792 359.3653   0.7576 15.25605219269708
1 43477U 18047B   23087.88018728  .00005121  00000+0  20005-3 0  9995
2 43477  88.9953   0.0385 0013689 358.0791   2.0402 15.25609017269758
1 43477U 18047B   23088.20815350  .00005352  00000+0  20912-3 0  9991
2 43477  88.9954 359.9943 0013628 356.8769   3.2392 15.25612849269803
1 43477U 18047B   23088.53611906  .00005186  00000+0  20259-3 0  9997
2 43477  88.9955 359.9500 0013548 355.5925   4.5202 15.25615844269851
1 43477U 18047B   23088.92967657  .00005226  00000+0  20414-3 0  9995
2 43477  88.9954 359.8970 0013479 354.0709   6.0377 15.25620168269919
1 43477U 18047B   23089.52001090  .00005453  00000+0  21300-3 0  9999
2 43477  88.9956 359.8174 0013355 351.7095   8.3930 15.25626605270006
1 43477U 18047B   23089.84797334  .00005696  00000+0  22254-3 0  9995
2 43477  88.9956 359.7732 0013291 350.3847   9.7145 15.25630630270055
1 43477U 18047B   23090.56948808  .00006027  00000+0  23549-3 0  9997
2 43477  88.9957 359.6760 0013125 347.4764  12.6156 15.25638818270160
